{
  "advancedEditorSelectedIdentifier" : "ProjectBrowser",
  "openSceneRelativePaths" : [
    "DioramaAssembled.usda",
    "heartAnimated.usda",
    "lungsAnatomy.usda",
    "skeletonAnatomy.usda",
    "muscleAnatomy.usda",
    "NervousModel.usda"
  ],
  "recentIdentifiers" : {
    "2F96B865-4A09-4451-93D0-9912CA96E4D4" : [

    ],
    "07FE6213-1D83-436F-95B8-FD449C6B1E92" : [

    ],
    "D66134B1-3681-4A8E-AFE5-29F257229F3B" : [

    ]
  },
  "sceneCameraHistory" : {
    "1A269719-2902-4318-A6A2-0142BE3B9CCC" : [
      {
        "date" : 735515375.869804,
        "title" : "Untitled",
        "transform" : [
          0.9999876,
          0,
          -0.0049743447,
          0,
          -0.0024871724,
          0.8660254,
          -0.4999938,
          0,
          0.004307909,
          0.5,
          0.86601466,
          0,
          0.7559794,
          4.1852336,
          6.0995216,
          1
        ]
      },
      {
        "date" : 735515307.359695,
        "title" : "Untitled",
        "transform" : [
          1,
          0,
          0,
          0,
          0,
          0.8660254,
          -0.5,
          0,
          0,
          0.5,
          0.8660254,
          0,
          0.26559967,
          1.5144403,
          1.8310337,
          1
        ]
      },
      {
        "date" : 735515302.118267,
        "title" : "Untitled",
        "transform" : [
          1,
          0,
          0,
          0,
          0,
          0.8660254,
          -0.5,
          0,
          0,
          0.5,
          0.8660254,
          0,
          -0.10867887,
          1.0169251,
          2.1182747,
          1
        ]
      },
      {
        "date" : 735515286.081955,
        "title" : "Untitled",
        "transform" : [
          1,
          0,
          0,
          0,
          0,
          0.8660254,
          -0.5,
          0,
          0,
          0.5,
          0.8660254,
          0,
          -0.20686676,
          1.8844843,
          4.429976,
          1
        ]
      },
      {
        "date" : 735515256.444333,
        "title" : "Untitled",
        "transform" : [
          1,
          0,
          -0,
          0,
          -0,
          0.8660254,
          -0.5,
          0,
          0,
          0.5,
          0.8660254,
          0,
          0,
          0.21718337,
          0.37617266,
          1
        ]
      }
    ],
    "2F96B865-4A09-4451-93D0-9912CA96E4D4" : [
      {
        "date" : 734395258.221026,
        "title" : "Untitled",
        "transform" : [
          0.5378639,
          8.373857e-11,
          0.8430317,
          0,
          0.4171778,
          0.868976,
          -0.26616418,
          0,
          -0.7325743,
          0.49485424,
          0.46739078,
          0,
          -1.5387187,
          1.6018269,
          2.3987575,
          1
        ]
      },
      {
        "date" : 734395201.869243,
        "title" : "Untitled",
        "transform" : [
          0.5378639,
          8.373857e-11,
          0.8430317,
          0,
          0.4171778,
          0.868976,
          -0.26616418,
          0,
          -0.7325743,
          0.49485424,
          0.46739078,
          0,
          -2.7951496,
          2.4505455,
          3.2003741,
          1
        ]
      },
      {
        "date" : 734395192.991084,
        "title" : "Untitled",
        "transform" : [
          0.51751554,
          8.373857e-11,
          0.8556738,
          0,
          0.42343378,
          0.868976,
          -0.25609475,
          0,
          -0.74355996,
          0.49485424,
          0.44970858,
          0,
          -2.254796,
          2.0404444,
          2.75981,
          1
        ]
      },
      {
        "date" : 734395187.323764,
        "title" : "Untitled",
        "transform" : [
          0.51751554,
          8.373857e-11,
          0.8556738,
          0,
          0.42343378,
          0.868976,
          -0.25609475,
          0,
          -0.74355996,
          0.49485424,
          0.44970858,
          0,
          -2.8704822,
          1.9468039,
          1.84486,
          1
        ]
      },
      {
        "date" : 734395180.78807,
        "title" : "Untitled",
        "transform" : [
          1,
          0,
          0,
          0,
          0,
          0.8660254,
          -0.5,
          0,
          0,
          0.5,
          0.8660254,
          0,
          0.012345853,
          1.9662571,
          3.2912657,
          1
        ]
      },
      {
        "date" : 734395175.122784,
        "title" : "Untitled",
        "transform" : [
          1,
          0,
          -0,
          0,
          -0,
          0.8660254,
          -0.5,
          0,
          0,
          0.5,
          0.8660254,
          0,
          0,
          0.21718337,
          0.37617266,
          1
        ]
      }
    ],
    "5EF4D8FB-D3D8-435E-8F49-DE93A4D89981" : [
      {
        "date" : 736402158.74616,
        "title" : "Untitled",
        "transform" : [
          1,
          0,
          -0,
          0,
          -0,
          0.8774897,
          -0.47959542,
          0,
          0,
          0.47959542,
          0.8774897,
          0,
          0.12488012,
          3.502783,
          4.6279817,
          1
        ]
      }
    ],
    "07FE6213-1D83-436F-95B8-FD449C6B1E92" : [
      {
        "date" : 735596019.43861,
        "title" : "Untitled",
        "transform" : [
          0.9995637,
          0,
          -0.029536719,
          0,
          -0.015184301,
          0.85774094,
          -0.5138579,
          0,
          0.025334852,
          0.5140822,
          0.8573667,
          0,
          0.07601938,
          1.7617186,
          1.336684,
          1
        ]
      },
      {
        "date" : 735595931.363185,
        "title" : "Untitled",
        "transform" : [
          0.9995637,
          0,
          -0.029536719,
          0,
          -0.015184301,
          0.85774094,
          -0.5138579,
          0,
          0.025334852,
          0.5140822,
          0.8573667,
          0,
          0.09603155,
          1.8962327,
          1.2554371,
          1
        ]
      },
      {
        "date" : 735593876.236474,
        "title" : "Untitled",
        "transform" : [
          1,
          0,
          0,
          0,
          0,
          0.85774094,
          -0.5140822,
          0,
          0,
          0.5140822,
          0.85774094,
          0,
          0.21604212,
          1.28444,
          0.5968153,
          1
        ]
      },
      {
        "date" : 735593872.96314,
        "title" : "Untitled",
        "transform" : [
          1,
          0,
          0,
          0,
          0,
          0.85774094,
          -0.5140822,
          0,
          0,
          0.5140822,
          0.85774094,
          0,
          0.40858608,
          1.9373679,
          1.2020376,
          1
        ]
      },
      {
        "date" : 735592294.318354,
        "title" : "Untitled",
        "transform" : [
          1,
          0,
          0,
          0,
          0,
          0.85774094,
          -0.5140822,
          0,
          0,
          0.5140822,
          0.85774094,
          0,
          0.5650126,
          2.949958,
          2.4918022,
          1
        ]
      },
      {
        "date" : 735592282.233718,
        "title" : "Untitled",
        "transform" : [
          1,
          0,
          0,
          0,
          0,
          0.85774094,
          -0.5140822,
          0,
          0,
          0.5140822,
          0.85774094,
          0,
          1.0381753,
          3.9625275,
          4.343754,
          1
        ]
      },
      {
        "date" : 735592254.044706,
        "title" : "Untitled",
        "transform" : [
          1,
          0,
          0,
          0,
          0,
          0.85774094,
          -0.5140822,
          0,
          0,
          0.5140822,
          0.85774094,
          0,
          -1.0157377,
          3.2533615,
          4.7687893,
          1
        ]
      },
      {
        "date" : 735510233.460016,
        "title" : "Untitled",
        "transform" : [
          1,
          0,
          -0,
          0,
          -0,
          0.85774094,
          -0.5140822,
          0,
          0,
          0.5140822,
          0.85774094,
          0,
          0.10128539,
          3.5831873,
          4.57111,
          1
        ]
      }
    ],
    "9F4C427F-DAD0-45C7-A98A-81882845E876" : [
      {
        "date" : 734395856.381276,
        "title" : "Untitled",
        "transform" : [
          1,
          0,
          0,
          0,
          0,
          0.8660254,
          -0.5,
          0,
          0,
          0.5,
          0.8660254,
          0,
          -0.008514254,
          1.5736997,
          2.61707,
          1
        ]
      },
      {
        "date" : 734395852.011193,
        "title" : "Untitled",
        "transform" : [
          1,
          0,
          -0,
          0,
          -0,
          0.8660254,
          -0.5,
          0,
          0,
          0.5,
          0.8660254,
          0,
          0,
          0.21718337,
          0.37617266,
          1
        ]
      }
    ],
    "160010BF-94BD-438B-B812-D605168234F9" : [
      {
        "date" : 734395940.105415,
        "title" : "Untitled",
        "transform" : [
          1,
          0,
          0,
          0,
          0,
          0.8660254,
          -0.5,
          0,
          0,
          0.5,
          0.8660254,
          0,
          -0.00057608366,
          1.7748182,
          2.9680758,
          1
        ]
      },
      {
        "date" : 734395909.270012,
        "title" : "Untitled",
        "transform" : [
          1,
          0,
          -0,
          0,
          -0,
          0.8660254,
          -0.5,
          0,
          0,
          0.5,
          0.8660254,
          0,
          0,
          0.21718337,
          0.37617266,
          1
        ]
      }
    ],
    "AF09ED6F-1707-48FD-8720-65B998362C09" : [
      {
        "date" : 732164724.133245,
        "title" : "Untitled",
        "transform" : [
          0.99947584,
          0,
          -0.03237349,
          0,
          -0.016186776,
          0.86602485,
          -0.4997388,
          0,
          0.028036248,
          0.5000009,
          0.8655709,
          0,
          1.1253022,
          3.5657706,
          0.68768334,
          1
        ]
      },
      {
        "date" : 732164711.443805,
        "title" : "Untitled",
        "transform" : [
          0.9999811,
          0,
          -0.006149253,
          0,
          -0.003074632,
          0.86602485,
          -0.49999145,
          0,
          0.0053254054,
          0.5000009,
          0.86600846,
          0,
          -0.6813598,
          3.9946432,
          2.2926767,
          1
        ]
      },
      {
        "date" : 732164709.737541,
        "title" : "Untitled",
        "transform" : [
          0.9999811,
          0,
          -0.006149253,
          0,
          -0.003074632,
          0.86602485,
          -0.49999145,
          0,
          0.0053254054,
          0.5000009,
          0.86600846,
          0,
          -0.64252937,
          5.1161942,
          1.6448963,
          1
        ]
      },
      {
        "date" : 732164691.734489,
        "title" : "Untitled",
        "transform" : [
          0.9999811,
          0,
          -0.006149253,
          0,
          -0.003074632,
          0.86602485,
          -0.49999145,
          0,
          0.0053254054,
          0.5000009,
          0.86600846,
          0,
          -0.82327783,
          2.1494064,
          0.33091736,
          1
        ]
      },
      {
        "date" : 732164688.216053,
        "title" : "Untitled",
        "transform" : [
          0.9999811,
          0,
          -0.006149253,
          0,
          -0.003074632,
          0.86602485,
          -0.49999145,
          0,
          0.0053254054,
          0.5000009,
          0.86600846,
          0,
          -0.3286061,
          3.6627111,
          4.4772167,
          1
        ]
      },
      {
        "date" : 732164686.918917,
        "title" : "Untitled",
        "transform" : [
          0.9999878,
          0,
          -0.004943827,
          0,
          -0.0024719182,
          0.86602485,
          -0.49999478,
          0,
          0.004281477,
          0.5000009,
          0.86601424,
          0,
          -0.09260785,
          1.8961408,
          -0.7110019,
          1
        ]
      },
      {
        "date" : 732164676.410019,
        "title" : "Untitled",
        "transform" : [
          0.9999878,
          0,
          -0.004943827,
          0,
          -0.0024719182,
          0.86602485,
          -0.49999478,
          0,
          0.004281477,
          0.5000009,
          0.86601424,
          0,
          -0.2733081,
          3.1783335,
          3.0542068,
          1
        ]
      },
      {
        "date" : 732147867.879444,
        "title" : "Untitled",
        "transform" : [
          1,
          0,
          0,
          0,
          0,
          0.86602485,
          -0.5000009,
          0,
          0,
          0.5000009,
          0.86602485,
          0,
          -0.15774325,
          1.6688819,
          0.1565094,
          1
        ]
      },
      {
        "date" : 732147863.415002,
        "title" : "Untitled",
        "transform" : [
          1,
          0,
          0,
          0,
          0,
          0.86602485,
          -0.5000009,
          0,
          0,
          0.5000009,
          0.86602485,
          0,
          0.10461911,
          2.4097877,
          -0.2712531,
          1
        ]
      },
      {
        "date" : 732147858.067839,
        "title" : "Untitled",
        "transform" : [
          1,
          0,
          0,
          0,
          0,
          0.86602485,
          -0.5000009,
          0,
          0,
          0.5000009,
          0.86602485,
          0,
          -0.11532394,
          1.7870779,
          0.08827019,
          1
        ]
      }
    ],
    "B68004DE-D896-4626-94E0-D875C06A5115" : [
      {
        "date" : 734395970.898085,
        "title" : "Untitled",
        "transform" : [
          1,
          0,
          -0,
          0,
          -0,
          0.8660254,
          -0.5,
          0,
          0,
          0.5,
          0.8660254,
          0,
          0,
          0.21718337,
          0.37617266,
          1
        ]
      }
    ],
    "D66134B1-3681-4A8E-AFE5-29F257229F3B" : [
      {
        "date" : 734394134.582685,
        "title" : "Untitled",
        "transform" : [
          0.9999979,
          2.0626334e-11,
          -0.0020307985,
          0,
          -0.001120822,
          0.8339024,
          -0.55191076,
          0,
          0.0016934875,
          0.55191195,
          0.83390063,
          0,
          -0.062206034,
          1.5011013,
          1.5755025,
          1
        ]
      },
      {
        "date" : 732161756.459069,
        "title" : "Untitled",
        "transform" : [
          0.9999979,
          2.0626334e-11,
          -0.0020307985,
          0,
          -0.001120822,
          0.8339024,
          -0.55191076,
          0,
          0.0016934875,
          0.55191195,
          0.83390063,
          0,
          -0.107787095,
          2.5090969,
          2.613824,
          1
        ]
      },
      {
        "date" : 732161741.156214,
        "title" : "Untitled",
        "transform" : [
          0.9999979,
          2.0626334e-11,
          -0.0020307985,
          0,
          -0.001120822,
          0.8339024,
          -0.55191076,
          0,
          0.0016934875,
          0.55191195,
          0.83390063,
          0,
          0.038261443,
          1.0778444,
          1.0671358,
          1
        ]
      },
      {
        "date" : 732140829.528617,
        "title" : "Untitled",
        "transform" : [
          0.9999979,
          2.0626334e-11,
          -0.0020307985,
          0,
          -0.001120822,
          0.8339024,
          -0.55191076,
          0,
          0.0016934875,
          0.55191195,
          0.83390063,
          0,
          -0.0027717005,
          0.9019467,
          1.1836362,
          1
        ]
      },
      {
        "date" : 732140664.675399,
        "title" : "Untitled",
        "transform" : [
          0.9999979,
          2.0626334e-11,
          -0.0020307985,
          0,
          -0.001120822,
          0.8339024,
          -0.55191076,
          0,
          0.0016934875,
          0.55191195,
          0.83390063,
          0,
          -0.0017550401,
          1.2332785,
          1.684257,
          1
        ]
      },
      {
        "date" : 732140660.630845,
        "title" : "Untitled",
        "transform" : [
          0.9999979,
          2.0626334e-11,
          -0.0020307985,
          0,
          -0.001120822,
          0.8339024,
          -0.55191076,
          0,
          0.0016934875,
          0.55191195,
          0.83390063,
          0,
          -0.000975986,
          1.487174,
          2.0678782,
          1
        ]
      },
      {
        "date" : 732140648.155055,
        "title" : "Untitled",
        "transform" : [
          0.999997,
          1.664951e-11,
          -0.0024075892,
          0,
          -0.0013704944,
          0.8221719,
          -0.56923753,
          0,
          0.0019794523,
          0.5692392,
          0.82216954,
          0,
          0.0008912608,
          1.7073114,
          2.2289248,
          1
        ]
      },
      {
        "date" : 732140638.260315,
        "title" : "Untitled",
        "transform" : [
          0.99999994,
          0,
          0,
          0,
          0,
          0.8660254,
          -0.49999994,
          0,
          0,
          0.49999994,
          0.8660254,
          0,
          -0.02254834,
          0.9008535,
          2.420649,
          1
        ]
      },
      {
        "date" : 732140632.86349,
        "title" : "Untitled",
        "transform" : [
          0.99999994,
          0,
          0,
          0,
          0,
          0.8660254,
          -0.49999994,
          0,
          0,
          0.49999994,
          0.8660254,
          0,
          -0.1116461,
          2.4136145,
          4.098151,
          1
        ]
      },
      {
        "date" : 732140619.723239,
        "title" : "Untitled",
        "transform" : [
          0.99999994,
          0,
          -0,
          0,
          -0,
          0.8660254,
          -0.49999994,
          0,
          0,
          0.49999994,
          0.8660254,
          0,
          0,
          0.18941401,
          0.32827467,
          1
        ]
      }
    ],
    "EC398A4B-AC4E-4E01-BD2B-4BFB9AE1CC4F" : [
      {
        "date" : 735515599.090101,
        "title" : "Untitled",
        "transform" : [
          0.99999994,
          0,
          -0,
          0,
          -0,
          0.8660254,
          -0.49999988,
          0,
          0,
          0.49999988,
          0.8660254,
          0,
          0.19219396,
          3.6239066,
          5.4931574,
          1
        ]
      },
      {
        "date" : 735515406.386804,
        "title" : "Untitled",
        "transform" : [
          0.99999994,
          0,
          0,
          0,
          0,
          0.8660254,
          -0.49999988,
          0,
          0,
          0.49999988,
          0.8660254,
          0,
          -0.09364568,
          3.4118025,
          3.8048348,
          1
        ]
      },
      {
        "date" : 735515399.296507,
        "title" : "Untitled",
        "transform" : [
          0.99999994,
          0,
          -0,
          0,
          -0,
          0.8660254,
          -0.49999988,
          0,
          0,
          0.49999988,
          0.8660254,
          0,
          0,
          0.21718313,
          0.37617227,
          1
        ]
      }
    ],
    "EE7EB97F-BEBD-40D4-83CF-B305552C7C68" : [
      {
        "date" : 735591020.909353,
        "title" : "Untitled",
        "transform" : [
          0.99999994,
          0,
          0,
          0,
          0,
          0.8660254,
          -0.49999994,
          0,
          0,
          0.49999994,
          0.8660254,
          0,
          -0.00032662513,
          2.6331964,
          4.5124893,
          1
        ]
      },
      {
        "date" : 735591017.785003,
        "title" : "Untitled",
        "transform" : [
          0.99999994,
          0,
          -0,
          0,
          -0,
          0.8660254,
          -0.49999994,
          0,
          0,
          0.49999994,
          0.8660254,
          0,
          0,
          0.24548832,
          0.42519832,
          1
        ]
      }
    ]
  },
  "selectedSceneRelativePath" : "NervousModel.usda"
}