{
  "advancedEditorSelectedIdentifier" : "ProjectBrowser",
  "openSceneRelativePaths" : [
    "Immersive.usda",
    "Scene.usda",
    "muscleAnatomy.usda",
    "heartAnatomy.usda",
    "kidneyAnatomy.usda",
    "lungsAnatomy.usda"
  ],
  "recentIdentifiers" : {
    "2F96B865-4A09-4451-93D0-9912CA96E4D4" : [

    ],
    "D66134B1-3681-4A8E-AFE5-29F257229F3B" : [

    ]
  },
  "sceneCameraHistory" : {
    "2F96B865-4A09-4451-93D0-9912CA96E4D4" : [
      {
        "date" : 734395258.221026,
        "title" : "Untitled",
        "transform" : [
          0.5378639,
          8.373857e-11,
          0.8430317,
          0,
          0.4171778,
          0.868976,
          -0.26616418,
          0,
          -0.7325743,
          0.49485424,
          0.46739078,
          0,
          -1.5387187,
          1.6018269,
          2.3987575,
          1
        ]
      },
      {
        "date" : 734395201.869243,
        "title" : "Untitled",
        "transform" : [
          0.5378639,
          8.373857e-11,
          0.8430317,
          0,
          0.4171778,
          0.868976,
          -0.26616418,
          0,
          -0.7325743,
          0.49485424,
          0.46739078,
          0,
          -2.7951496,
          2.4505455,
          3.2003741,
          1
        ]
      },
      {
        "date" : 734395192.991084,
        "title" : "Untitled",
        "transform" : [
          0.51751554,
          8.373857e-11,
          0.8556738,
          0,
          0.42343378,
          0.868976,
          -0.25609475,
          0,
          -0.74355996,
          0.49485424,
          0.44970858,
          0,
          -2.254796,
          2.0404444,
          2.75981,
          1
        ]
      },
      {
        "date" : 734395187.323764,
        "title" : "Untitled",
        "transform" : [
          0.51751554,
          8.373857e-11,
          0.8556738,
          0,
          0.42343378,
          0.868976,
          -0.25609475,
          0,
          -0.74355996,
          0.49485424,
          0.44970858,
          0,
          -2.8704822,
          1.9468039,
          1.84486,
          1
        ]
      },
      {
        "date" : 734395180.78807,
        "title" : "Untitled",
        "transform" : [
          1,
          0,
          0,
          0,
          0,
          0.8660254,
          -0.5,
          0,
          0,
          0.5,
          0.8660254,
          0,
          0.012345853,
          1.9662571,
          3.2912657,
          1
        ]
      },
      {
        "date" : 734395175.122784,
        "title" : "Untitled",
        "transform" : [
          1,
          0,
          -0,
          0,
          -0,
          0.8660254,
          -0.5,
          0,
          0,
          0.5,
          0.8660254,
          0,
          0,
          0.21718337,
          0.37617266,
          1
        ]
      }
    ],
    "9F4C427F-DAD0-45C7-A98A-81882845E876" : [
      {
        "date" : 734395856.381276,
        "title" : "Untitled",
        "transform" : [
          1,
          0,
          0,
          0,
          0,
          0.8660254,
          -0.5,
          0,
          0,
          0.5,
          0.8660254,
          0,
          -0.008514254,
          1.5736997,
          2.61707,
          1
        ]
      },
      {
        "date" : 734395852.011193,
        "title" : "Untitled",
        "transform" : [
          1,
          0,
          -0,
          0,
          -0,
          0.8660254,
          -0.5,
          0,
          0,
          0.5,
          0.8660254,
          0,
          0,
          0.21718337,
          0.37617266,
          1
        ]
      }
    ],
    "160010BF-94BD-438B-B812-D605168234F9" : [
      {
        "date" : 734395940.105415,
        "title" : "Untitled",
        "transform" : [
          1,
          0,
          0,
          0,
          0,
          0.8660254,
          -0.5,
          0,
          0,
          0.5,
          0.8660254,
          0,
          -0.00057608366,
          1.7748182,
          2.9680758,
          1
        ]
      },
      {
        "date" : 734395909.270012,
        "title" : "Untitled",
        "transform" : [
          1,
          0,
          -0,
          0,
          -0,
          0.8660254,
          -0.5,
          0,
          0,
          0.5,
          0.8660254,
          0,
          0,
          0.21718337,
          0.37617266,
          1
        ]
      }
    ],
    "AF09ED6F-1707-48FD-8720-65B998362C09" : [
      {
        "date" : 732164724.133245,
        "title" : "Untitled",
        "transform" : [
          0.99947584,
          0,
          -0.03237349,
          0,
          -0.016186776,
          0.86602485,
          -0.4997388,
          0,
          0.028036248,
          0.5000009,
          0.8655709,
          0,
          1.1253022,
          3.5657706,
          0.68768334,
          1
        ]
      },
      {
        "date" : 732164711.443805,
        "title" : "Untitled",
        "transform" : [
          0.9999811,
          0,
          -0.006149253,
          0,
          -0.003074632,
          0.86602485,
          -0.49999145,
          0,
          0.0053254054,
          0.5000009,
          0.86600846,
          0,
          -0.6813598,
          3.9946432,
          2.2926767,
          1
        ]
      },
      {
        "date" : 732164709.737541,
        "title" : "Untitled",
        "transform" : [
          0.9999811,
          0,
          -0.006149253,
          0,
          -0.003074632,
          0.86602485,
          -0.49999145,
          0,
          0.0053254054,
          0.5000009,
          0.86600846,
          0,
          -0.64252937,
          5.1161942,
          1.6448963,
          1
        ]
      },
      {
        "date" : 732164691.734489,
        "title" : "Untitled",
        "transform" : [
          0.9999811,
          0,
          -0.006149253,
          0,
          -0.003074632,
          0.86602485,
          -0.49999145,
          0,
          0.0053254054,
          0.5000009,
          0.86600846,
          0,
          -0.82327783,
          2.1494064,
          0.33091736,
          1
        ]
      },
      {
        "date" : 732164688.216053,
        "title" : "Untitled",
        "transform" : [
          0.9999811,
          0,
          -0.006149253,
          0,
          -0.003074632,
          0.86602485,
          -0.49999145,
          0,
          0.0053254054,
          0.5000009,
          0.86600846,
          0,
          -0.3286061,
          3.6627111,
          4.4772167,
          1
        ]
      },
      {
        "date" : 732164686.918917,
        "title" : "Untitled",
        "transform" : [
          0.9999878,
          0,
          -0.004943827,
          0,
          -0.0024719182,
          0.86602485,
          -0.49999478,
          0,
          0.004281477,
          0.5000009,
          0.86601424,
          0,
          -0.09260785,
          1.8961408,
          -0.7110019,
          1
        ]
      },
      {
        "date" : 732164676.410019,
        "title" : "Untitled",
        "transform" : [
          0.9999878,
          0,
          -0.004943827,
          0,
          -0.0024719182,
          0.86602485,
          -0.49999478,
          0,
          0.004281477,
          0.5000009,
          0.86601424,
          0,
          -0.2733081,
          3.1783335,
          3.0542068,
          1
        ]
      },
      {
        "date" : 732147867.879444,
        "title" : "Untitled",
        "transform" : [
          1,
          0,
          0,
          0,
          0,
          0.86602485,
          -0.5000009,
          0,
          0,
          0.5000009,
          0.86602485,
          0,
          -0.15774325,
          1.6688819,
          0.1565094,
          1
        ]
      },
      {
        "date" : 732147863.415002,
        "title" : "Untitled",
        "transform" : [
          1,
          0,
          0,
          0,
          0,
          0.86602485,
          -0.5000009,
          0,
          0,
          0.5000009,
          0.86602485,
          0,
          0.10461911,
          2.4097877,
          -0.2712531,
          1
        ]
      },
      {
        "date" : 732147858.067839,
        "title" : "Untitled",
        "transform" : [
          1,
          0,
          0,
          0,
          0,
          0.86602485,
          -0.5000009,
          0,
          0,
          0.5000009,
          0.86602485,
          0,
          -0.11532394,
          1.7870779,
          0.08827019,
          1
        ]
      }
    ],
    "B68004DE-D896-4626-94E0-D875C06A5115" : [
      {
        "date" : 734395970.898085,
        "title" : "Untitled",
        "transform" : [
          1,
          0,
          -0,
          0,
          -0,
          0.8660254,
          -0.5,
          0,
          0,
          0.5,
          0.8660254,
          0,
          0,
          0.21718337,
          0.37617266,
          1
        ]
      }
    ],
    "D66134B1-3681-4A8E-AFE5-29F257229F3B" : [
      {
        "date" : 734394134.582685,
        "title" : "Untitled",
        "transform" : [
          0.9999979,
          2.0626334e-11,
          -0.0020307985,
          0,
          -0.001120822,
          0.8339024,
          -0.55191076,
          0,
          0.0016934875,
          0.55191195,
          0.83390063,
          0,
          -0.062206034,
          1.5011013,
          1.5755025,
          1
        ]
      },
      {
        "date" : 732161756.459069,
        "title" : "Untitled",
        "transform" : [
          0.9999979,
          2.0626334e-11,
          -0.0020307985,
          0,
          -0.001120822,
          0.8339024,
          -0.55191076,
          0,
          0.0016934875,
          0.55191195,
          0.83390063,
          0,
          -0.107787095,
          2.5090969,
          2.613824,
          1
        ]
      },
      {
        "date" : 732161741.156214,
        "title" : "Untitled",
        "transform" : [
          0.9999979,
          2.0626334e-11,
          -0.0020307985,
          0,
          -0.001120822,
          0.8339024,
          -0.55191076,
          0,
          0.0016934875,
          0.55191195,
          0.83390063,
          0,
          0.038261443,
          1.0778444,
          1.0671358,
          1
        ]
      },
      {
        "date" : 732140829.528617,
        "title" : "Untitled",
        "transform" : [
          0.9999979,
          2.0626334e-11,
          -0.0020307985,
          0,
          -0.001120822,
          0.8339024,
          -0.55191076,
          0,
          0.0016934875,
          0.55191195,
          0.83390063,
          0,
          -0.0027717005,
          0.9019467,
          1.1836362,
          1
        ]
      },
      {
        "date" : 732140664.675399,
        "title" : "Untitled",
        "transform" : [
          0.9999979,
          2.0626334e-11,
          -0.0020307985,
          0,
          -0.001120822,
          0.8339024,
          -0.55191076,
          0,
          0.0016934875,
          0.55191195,
          0.83390063,
          0,
          -0.0017550401,
          1.2332785,
          1.684257,
          1
        ]
      },
      {
        "date" : 732140660.630845,
        "title" : "Untitled",
        "transform" : [
          0.9999979,
          2.0626334e-11,
          -0.0020307985,
          0,
          -0.001120822,
          0.8339024,
          -0.55191076,
          0,
          0.0016934875,
          0.55191195,
          0.83390063,
          0,
          -0.000975986,
          1.487174,
          2.0678782,
          1
        ]
      },
      {
        "date" : 732140648.155055,
        "title" : "Untitled",
        "transform" : [
          0.999997,
          1.664951e-11,
          -0.0024075892,
          0,
          -0.0013704944,
          0.8221719,
          -0.56923753,
          0,
          0.0019794523,
          0.5692392,
          0.82216954,
          0,
          0.0008912608,
          1.7073114,
          2.2289248,
          1
        ]
      },
      {
        "date" : 732140638.260315,
        "title" : "Untitled",
        "transform" : [
          0.99999994,
          0,
          0,
          0,
          0,
          0.8660254,
          -0.49999994,
          0,
          0,
          0.49999994,
          0.8660254,
          0,
          -0.02254834,
          0.9008535,
          2.420649,
          1
        ]
      },
      {
        "date" : 732140632.86349,
        "title" : "Untitled",
        "transform" : [
          0.99999994,
          0,
          0,
          0,
          0,
          0.8660254,
          -0.49999994,
          0,
          0,
          0.49999994,
          0.8660254,
          0,
          -0.1116461,
          2.4136145,
          4.098151,
          1
        ]
      },
      {
        "date" : 732140619.723239,
        "title" : "Untitled",
        "transform" : [
          0.99999994,
          0,
          -0,
          0,
          -0,
          0.8660254,
          -0.49999994,
          0,
          0,
          0.49999994,
          0.8660254,
          0,
          0,
          0.18941401,
          0.32827467,
          1
        ]
      }
    ]
  },
  "selectedSceneRelativePath" : "lungsAnatomy.usda"
}